                                       5        5000         146135
 testprob01 -- simple neutron problem to test some basic operations of mcnp.    
ntal     4
    1    5   15   25
tally    1    1    0
     current across the graphite-copper interface.                              
f        1
     13
d        1
u        0
s        0
m        0
c        6
 -8.66000E-01 -5.00000E-01  0.00000E+00  5.00000E-01  8.66000E-01  1.00000E+00
et       8
  1.00000E-01  5.00000E-01  8.00000E-01  2.00000E+00  4.00000E+00  1.20000E+01
  1.41000E+01
t        0
vals
  9.36763E-03 0.6312  6.82551E-02 0.2590  6.31378E-02 0.3960  1.71456E-01 0.1933
  1.07130E-01 0.3422  1.29579E-01 0.5103  0.00000E+00 0.0000  5.48926E-01 0.1613
  9.87153E-03 0.4513  1.59381E-01 0.1998  2.84259E-01 0.2345  6.73261E-01 0.1398
  6.95231E-01 0.2138  3.98670E-01 0.3335  5.35410E-02 0.9999  2.27421E+00 0.1130
  1.38732E-02 0.5003  1.98129E-01 0.2543  1.67259E-01 0.2562  4.32860E-01 0.2056
  2.43603E-01 0.2035  1.60732E-01 0.4352  0.00000E+00 0.0000  1.21646E+00 0.1185
  1.39802E-02 0.4419  1.83989E-01 0.2272  1.78517E-01 0.2968  7.24359E-01 0.1585
  6.76331E-01 0.1910  4.53866E-01 0.2223  0.00000E+00 0.0000  2.23104E+00 0.0950
  2.39066E-02 0.4032  4.45604E-01 0.1426  7.30413E-01 0.1792  2.74329E+00 0.0959
  2.59558E+00 0.1029  3.91833E+00 0.1060  2.15082E-01 0.6232  1.06722E+01 0.0571
  3.30035E-02 0.3331  3.77115E-01 0.1822  3.32031E-01 0.2022  4.63691E+00 0.0758
  8.97442E+00 0.0611  3.78912E+01 0.0286  9.18075E+00 0.0735  6.14254E+01 0.0211
tfc    5       1       1       1       1       1       6       8       1
       1000  6.05434E+01  4.58392E-02
       2000  6.23437E+01  3.32925E-02
       3000  6.19243E+01  2.73644E-02
       4000  6.21495E+01  2.38116E-02
       5000  6.14254E+01  2.10967E-02
tally    5    1    1
     flux at a point in the void just outside the copper shell.                 
f        1
d        2
u        0
s        0
m        0
c        0
et       8
  1.00000E-01  5.00000E-01  8.00000E-01  2.00000E+00  4.00000E+00  1.20000E+01
  1.41000E+01
tt      11
 -5.00000E+01 -1.00000E+01 -5.00000E+00  0.00000E+00  5.00000E+00  1.00000E+01
  5.00000E+01  2.00000E+02  1.00000E+03  1.00000E+20
vals
  0.00000E+00 0.0000  0.00000E+00 0.0000  0.00000E+00 0.0000  1.79863E-04 0.8187
  7.53589E-05 0.7186  5.22296E-05 0.5327  8.38850E-06 0.7477  0.00000E+00 0.0000
  0.00000E+00 0.0000  0.00000E+00 0.0000  3.15840E-04 0.5330  0.00000E+00 0.0000
  9.61524E-06 0.5056  1.03100E-04 0.3806  4.43121E-04 0.3470  9.93523E-04 0.2747
  1.93934E-04 0.3037  2.71422E-05 0.3839  0.00000E+00 0.0000  0.00000E+00 0.0000
  0.00000E+00 0.0000  1.77044E-03 0.1831  0.00000E+00 0.0000  3.89464E-07 0.9939
  6.61701E-05 0.3308  4.03533E-04 0.2165  4.63311E-04 0.2141  1.80925E-04 0.3363
  1.71161E-05 0.6398  0.00000E+00 0.0000  0.00000E+00 0.0000  0.00000E+00 0.0000
  1.13144E-03 0.1312  0.00000E+00 0.0000  1.26101E-05 0.2584  2.93206E-04 0.1720
  1.43467E-03 0.1174  1.43722E-03 0.1467  9.87199E-04 0.2318  6.10293E-05 0.2622
  0.00000E+00 0.0000  0.00000E+00 0.0000  0.00000E+00 0.0000  4.22594E-03 0.0851
  0.00000E+00 0.0000  1.76900E-05 0.1893  2.91526E-04 0.1336  1.99363E-03 0.3358
  1.61391E-03 0.1058  4.77209E-04 0.0928  2.68243E-05 0.1634  0.00000E+00 0.0000
  0.00000E+00 0.0000  0.00000E+00 0.0000  4.42079E-03 0.1565  0.00000E+00 0.0000
  6.79578E-05 0.3659  1.10505E-03 0.2575  3.69812E-03 0.1672  3.42594E-03 0.1193
  1.25718E-03 0.1441  1.26247E-04 0.2226  0.00000E+00 0.0000  0.00000E+00 0.0000
  0.00000E+00 0.0000  9.68049E-03 0.0834  0.00000E+00 0.0000  1.09748E-05 0.3960
  1.23061E-04 0.1118  3.95466E-04 0.0821  5.24837E-04 0.1483  1.76389E-04 0.1198
  2.37667E-05 0.2539  0.00000E+00 0.0000  0.00000E+00 0.0000  0.00000E+00 0.0000
  1.25449E-03 0.0694  0.00000E+00 0.0000  1.19237E-04 0.2209  1.98211E-03 0.1525
  8.54840E-03 0.1153  8.53410E-03 0.0707  3.32507E-03 0.0973  2.90514E-04 0.1363
  0.00000E+00 0.0000  0.00000E+00 0.0000  0.00000E+00 0.0000  2.27994E-02 0.0534
  0.00000E+00 0.0000  0.00000E+00 0.0000  0.00000E+00 0.0000  0.00000E+00 0.0000
  0.00000E+00 0.0000  0.00000E+00 0.0000  0.00000E+00 0.0000  0.00000E+00 0.0000
  0.00000E+00 0.0000  0.00000E+00 0.0000  0.00000E+00 0.0000  0.00000E+00 0.0000
  0.00000E+00 0.0000  0.00000E+00 0.0000  0.00000E+00 0.0000  0.00000E+00 0.0000
  0.00000E+00 0.0000  0.00000E+00 0.0000  0.00000E+00 0.0000  0.00000E+00 0.0000
  0.00000E+00 0.0000  0.00000E+00 0.0000  0.00000E+00 0.0000  0.00000E+00 0.0000
  0.00000E+00 0.0000  0.00000E+00 0.0000  0.00000E+00 0.0000  0.00000E+00 0.0000
  0.00000E+00 0.0000  0.00000E+00 0.0000  0.00000E+00 0.0000  0.00000E+00 0.0000
  0.00000E+00 0.0000  0.00000E+00 0.0000  8.41341E-07 0.7075  2.74021E-05 0.1337
  9.56451E-05 0.1089  1.29609E-04 0.0967  3.55458E-05 0.1471  2.53608E-06 0.4678
  0.00000E+00 0.0000  0.00000E+00 0.0000  0.00000E+00 0.0000  2.91579E-04 0.0591
  0.00000E+00 0.0000  4.28282E-06 0.2986  5.63543E-05 0.0974  2.14984E-04 0.0754
  2.54727E-04 0.0723  8.76892E-05 0.0907  6.87764E-06 0.2698  0.00000E+00 0.0000
  0.00000E+00 0.0000  0.00000E+00 0.0000  6.24915E-04 0.0407  0.00000E+00 0.0000
  2.02941E-05 0.1355  3.21348E-04 0.0445  1.30328E-03 0.0332  1.39934E-03 0.0332
  4.68038E-04 0.0427  4.00094E-05 0.1156  0.00000E+00 0.0000  0.00000E+00 0.0000
  0.00000E+00 0.0000  3.55230E-03 0.0153  0.00000E+00 0.0000  5.40347E-06 0.2680
  9.48341E-05 0.0858  3.31803E-04 0.0714  3.33737E-04 0.0734  1.23071E-04 0.0863
  1.37283E-05 0.1972  0.00000E+00 0.0000  0.00000E+00 0.0000  0.00000E+00 0.0000
  9.02576E-04 0.0390  0.00000E+00 0.0000  3.08218E-05 0.1103  4.99938E-04 0.0339
  1.94571E-03 0.0253  2.11741E-03 0.0249  7.14343E-04 0.0328  6.31514E-05 0.0912
  0.00000E+00 0.0000  0.00000E+00 0.0000  0.00000E+00 0.0000  5.37137E-03 0.0086
tfc    5       1       1       1       1       1       1       8      11
       1000  2.27604E-02  9.57889E-02
       2000  2.54572E-02  1.01807E-01
       3000  2.52536E-02  7.63366E-02
       4000  2.36948E-02  6.25478E-02
       5000  2.27994E-02  5.34440E-02
tally   15    1    1
f        1
d        2
u        0
s        0
m        0
c        0
e        0
t        0
vals
  1.29911E-03 0.0543  3.05622E-04 0.0086
tfc    5       1       1       1       1       1       1       1       1
       1000  1.29049E-03  9.60332E-02
       2000  1.45535E-03  1.03706E-01
       3000  1.44136E-03  7.76696E-02
       4000  1.35045E-03  6.36097E-02
       5000  1.29911E-03  5.43083E-02
tally   25    1    1
f        1
d        2
u        0
s        0
m        0
c        0
e        0
t        0
vals
  1.29911E-03 0.0543  3.05622E-04 0.0086
tfc    5       1       1       1       1       1       1       1       1
       1000  1.29049E-03  9.60332E-02
       2000  1.45535E-03  1.03706E-01
       3000  1.44136E-03  7.76696E-02
       4000  1.35045E-03  6.36097E-02
       5000  1.29911E-03  5.43083E-02
